55
C_violacea_Clevi0007s1839___MIK2   0.0000000 0.5239833 0.5226337 0.4624372 0.4862728 0.4945114 0.4890602 0.5339725 0.5364897 0.5135894 0.5227540 0.5213281 0.5233040 0.5523377 0.4567915 0.4570205 0.4729167 0.4962798 0.4955010 0.4348385 0.4842489 0.4997921 0.4921100 0.4688767 0.4687987 0.4773807 0.4817369 0.4791459 0.4649807 0.4716302 0.4552620 0.4146690 0.4291516 0.4113432 0.4181690 0.4511187 0.5574970 0.5251116 0.5179452 0.4659208 0.4708295 0.4996135 0.4716293 0.4712558 0.4483539 0.4749825 0.5257609 0.4982442 0.5332201 0.5562316 0.5556976 0.5848017 0.5962013 0.4013692 1.2356759 
C_sativa_Csa08g034810              0.5239833 0.0000000 0.0211831 0.1177525 0.1132671 0.1244367 0.0895986 0.0892907 0.0909800 0.1457216 0.1949487 0.1984358 0.1991037 0.2346285 0.2036490 0.2296999 0.2144981 0.2091786 0.2258610 0.1790592 0.2532767 0.2663359 0.2657205 0.2344487 0.2344455 0.2361911 0.2449292 0.2433738 0.2430033 0.2226700 0.2266007 0.2508068 0.2405411 0.2442555 0.2305339 0.2307844 0.2777021 0.2881628 0.5287103 0.4829045 0.4798357 0.5239372 0.4541689 0.4884643 0.4487721 0.4964359 0.5546723 0.5196297 0.5896587 0.5506073 0.5484722 0.6307168 0.6259109 0.7127615 1.4008308 
C_sativa_Csa13g041890              0.5226337 0.0211831 0.0000000 0.1173336 0.1128689 0.1274634 0.0908667 0.0919040 0.0922408 0.1458613 0.1959696 0.1974368 0.2003952 0.2298647 0.2004515 0.2243749 0.2104377 0.2058835 0.2224219 0.1837765 0.2506833 0.2636426 0.2630321 0.2259958 0.2259939 0.2342813 0.2429437 0.2414009 0.2426760 0.2176861 0.2343741 0.2506003 0.2404143 0.2437619 0.2301109 0.2294823 0.2766130 0.2838427 0.5226453 0.4745867 0.4715943 0.5153592 0.4481867 0.4826342 0.4448644 0.4878994 0.5561964 0.5167209 0.5894597 0.5374148 0.5352915 0.6294695 0.6246753 0.7107955 1.3918937 
A_thaliana_AT4G08850               0.4624372 0.1177525 0.1173336 0.0000000 0.0629928 0.0792219 0.0943490 0.1407407 0.1425414 0.1464516 0.1613914 0.1644262 0.1681408 0.1922429 0.1783295 0.2132980 0.1962605 0.2056647 0.2121696 0.1731450 0.2346902 0.2380805 0.2383492 0.2283022 0.2282999 0.2395743 0.2461416 0.2440799 0.2184478 0.2145107 0.2058235 0.2231295 0.2051345 0.2185951 0.2125332 0.2030288 0.2501952 0.2565504 0.4873392 0.4390415 0.4412296 0.4672941 0.4090052 0.4443037 0.4206093 0.4327905 0.5012858 0.4673796 0.5318022 0.5186427 0.5137080 0.5750068 0.5839574 0.6288922 1.2837058 
A_lyrata_AL6G42660                 0.4862728 0.1132671 0.1128689 0.0629928 0.0000000 0.0416067 0.1009520 0.1359362 0.1353346 0.1376129 0.1833980 0.1867501 0.1874100 0.2005387 0.2035807 0.2216525 0.2051019 0.2199354 0.2257565 0.1779235 0.2458102 0.2488562 0.2491388 0.2358158 0.2358125 0.2452458 0.2539737 0.2524024 0.2210063 0.2226448 0.2239435 0.2360234 0.2182499 0.2311141 0.2175020 0.2185299 0.2663116 0.2682959 0.5048391 0.4589409 0.4598862 0.4818699 0.4191639 0.4361079 0.4396128 0.4480567 0.5034755 0.4810601 0.5479681 0.5233134 0.5226424 0.5820699 0.5840625 0.6612958 1.2913162 
A_halleri_Ah6G33270                0.4945114 0.1244367 0.1274634 0.0792219 0.0416067 0.0000000 0.1169144 0.1500156 0.1493285 0.1512199 0.1837647 0.1874195 0.1877957 0.2070885 0.2094789 0.2249487 0.2110475 0.2292912 0.2351875 0.1816730 0.2599158 0.2641922 0.2644966 0.2493424 0.2493369 0.2589898 0.2684650 0.2668471 0.2373270 0.2365901 0.2258392 0.2507813 0.2370898 0.2412042 0.2308673 0.2299423 0.2784299 0.2793188 0.5105181 0.4617501 0.4631066 0.4865706 0.4258026 0.4413711 0.4359639 0.4524007 0.5061102 0.4853026 0.5456625 0.5240326 0.5233591 0.5930304 0.5932890 0.6803007 1.3299813 
B_stricta_Bostr9686s0010           0.4890602 0.0895986 0.0908667 0.0943490 0.1009520 0.1169144 0.0000000 0.0973314 0.0969269 0.1421728 0.1733853 0.1733894 0.1773772 0.2129827 0.1911568 0.2219154 0.2001908 0.2104652 0.2244452 0.1757126 0.2507176 0.2634769 0.2612965 0.2456333 0.2456284 0.2463990 0.2603611 0.2600700 0.2332226 0.2094358 0.2202321 0.2330811 0.2138827 0.2356303 0.2215263 0.2182599 0.2697597 0.2856336 0.5096518 0.4681991 0.4769716 0.5008317 0.4227567 0.4541949 0.4368859 0.4598133 0.5323323 0.4936702 0.5443479 0.5410460 0.5358997 0.5857228 0.5913322 0.6689168 1.3109409 
C_rubella_Carub0006s2734           0.5339725 0.0892907 0.0919040 0.1407407 0.1359362 0.1500156 0.0973314 0.0000000 0.0083494 0.1725145 0.1854664 0.1888846 0.1924078 0.2443542 0.2160474 0.2356508 0.2316034 0.2310400 0.2382537 0.2049386 0.2621874 0.2780140 0.2818646 0.2524440 0.2524380 0.2554992 0.2699686 0.2683168 0.2600653 0.2379313 0.2565765 0.2569064 0.2384354 0.2512680 0.2346880 0.2504362 0.2879075 0.2924976 0.5545606 0.5109148 0.5057481 0.5420469 0.4720849 0.5144492 0.4849798 0.4965581 0.5751926 0.5357389 0.5908300 0.5776979 0.5735933 0.6439263 0.6421249 0.7345377 1.3110869 
C_grandiflora_Cagra11786s0009      0.5364897 0.0909800 0.0922408 0.1425414 0.1353346 0.1493285 0.0969269 0.0083494 0.0000000 0.1696913 0.1913172 0.1947718 0.1954386 0.2451245 0.2203115 0.2398965 0.2349025 0.2331922 0.2425294 0.2039093 0.2689942 0.2833731 0.2872364 0.2591374 0.2591302 0.2621785 0.2767994 0.2751333 0.2667368 0.2383960 0.2573546 0.2615954 0.2415603 0.2525653 0.2360141 0.2490867 0.2951680 0.2997213 0.5540959 0.5104845 0.5092459 0.5415960 0.4746701 0.5139355 0.4867768 0.4990651 0.5793256 0.5429522 0.5933153 0.5802125 0.5761081 0.6464121 0.6446189 0.7319453 1.3346789 
M_maritima_Mamar0096s0092          0.5135894 0.1457216 0.1458613 0.1464516 0.1376129 0.1512199 0.1421728 0.1725145 0.1696913 0.0000000 0.2046028 0.2062016 0.2088005 0.2281648 0.2085895 0.2270560 0.2166058 0.2345218 0.2271650 0.1957540 0.2561175 0.2662975 0.2681315 0.2515394 0.2515336 0.2565598 0.2601032 0.2585413 0.2473090 0.2376373 0.2516012 0.2645942 0.2499712 0.2408603 0.2346845 0.2548623 0.3029424 0.2980767 0.5115335 0.4764071 0.4690315 0.5059276 0.4583144 0.5004606 0.4564149 0.4783219 0.5436993 0.5080485 0.5956470 0.5489215 0.5486225 0.6266094 0.6288321 0.7148754 1.3391157 
D_sophioides_Desop0062s0309        0.5227540 0.1949487 0.1959696 0.1613914 0.1833980 0.1837647 0.1733853 0.1854664 0.1913172 0.2046028 0.0000000 0.0110060 0.0138636 0.2130825 0.2132821 0.2387608 0.2376260 0.2322962 0.2487144 0.1980650 0.2600294 0.2904387 0.2926697 0.2608670 0.2608595 0.2680681 0.2793987 0.2786673 0.2638297 0.2388608 0.2521606 0.2659327 0.2350245 0.2339462 0.2341935 0.2252610 0.2780604 0.2858897 0.5496795 0.5032314 0.4931595 0.5199564 0.4626489 0.5054239 0.4761820 0.4661672 0.5377354 0.5312723 0.5895359 0.5682839 0.5624209 0.6286817 0.6399660 0.7164086 1.3510438 
A_linifolium_Alyli0302s0006        0.5213281 0.1984358 0.1974368 0.1644262 0.1867501 0.1874195 0.1733894 0.1888846 0.1947718 0.2062016 0.0110060 0.0000000 0.0166723 0.2184474 0.2134576 0.2380953 0.2379014 0.2325516 0.2509938 0.1981736 0.2604045 0.2918573 0.2940956 0.2612441 0.2612366 0.2684718 0.2798511 0.2791162 0.2642131 0.2391418 0.2484681 0.2663300 0.2352939 0.2342073 0.2344578 0.2254865 0.2821280 0.2899770 0.5455951 0.4989165 0.4888693 0.5165652 0.4606225 0.4959997 0.4692139 0.4620043 0.5319444 0.5269430 0.5796247 0.5646816 0.5588243 0.6285052 0.6406070 0.7199848 1.3675926 
A_linifolium_Alyli0054s0012        0.5233040 0.1991037 0.2003952 0.1681408 0.1874100 0.1877957 0.1773772 0.1924078 0.1954386 0.2088005 0.0138636 0.0166723 0.0000000 0.2221309 0.2148272 0.2403561 0.2407443 0.2338634 0.2503057 0.1994627 0.2616485 0.2884605 0.2906909 0.2624809 0.2624732 0.2686817 0.2799883 0.2792581 0.2617860 0.2395406 0.2537508 0.2702209 0.2367747 0.2351526 0.2354108 0.2266774 0.2781289 0.2862087 0.5529601 0.5061440 0.5002168 0.5229109 0.4617382 0.5016332 0.4753154 0.4676360 0.5327272 0.5354534 0.5897073 0.5672566 0.5614033 0.6342703 0.6381915 0.7183713 1.3555110 
R_islandica_Roisl0032s0053         0.5523377 0.2346285 0.2298647 0.1922429 0.2005387 0.2070885 0.2129827 0.2443542 0.2451245 0.2281648 0.2130825 0.2184474 0.2221309 0.0000000 0.2184456 0.2433902 0.2305368 0.2466383 0.2585355 0.2207193 0.2662522 0.2776201 0.2758899 0.2532787 0.2532726 0.2749675 0.2769643 0.2748530 0.2628110 0.2320114 0.2599554 0.2851952 0.2582519 0.2634763 0.2639846 0.2380033 0.2922453 0.2999517 0.5439272 0.5104109 0.4917119 0.5375984 0.4962512 0.5191239 0.5165665 0.4860730 0.5603735 0.5264887 0.5904217 0.5947502 0.5926059 0.6763200 0.6780369 0.7223165 1.2987569 
C_amplexicaulis_Caamp0028s0010     0.4567915 0.2036490 0.2004515 0.1783295 0.2035807 0.2094789 0.1911568 0.2160474 0.2203115 0.2085895 0.2132821 0.2134576 0.2148272 0.2184456 0.0000000 0.0584107 0.0751699 0.0974090 0.0947392 0.1000443 0.1270588 0.1418591 0.1382434 0.1246053 0.1246099 0.1314029 0.1395387 0.1377792 0.1239721 0.1312461 0.1852532 0.1974555 0.1752563 0.1687437 0.1717952 0.1696994 0.2553633 0.2580707 0.4540625 0.4069958 0.4114235 0.4541907 0.4035134 0.4252779 0.4082309 0.4197439 0.4932507 0.4408048 0.5186805 0.4900916 0.4908903 0.5701429 0.5753615 0.6260473 1.3000031 
S_pinnata_Stapi3984s0001           0.4570205 0.2296999 0.2243749 0.2132980 0.2216525 0.2249487 0.2219154 0.2356508 0.2398965 0.2270560 0.2387608 0.2380953 0.2403561 0.2433902 0.0584107 0.0000000 0.0972510 0.1169562 0.1135190 0.1174849 0.1478926 0.1620299 0.1582099 0.1454772 0.1454815 0.1579165 0.1629140 0.1616765 0.1451985 0.1468521 0.2113699 0.2133355 0.1988236 0.2002749 0.1990236 0.1873252 0.2740419 0.2644011 0.4633316 0.4256094 0.4239126 0.4610784 0.4193094 0.4348400 0.4192965 0.4279401 0.4997755 0.4416469 0.5188235 0.4925911 0.4980859 0.5726793 0.5719572 0.6269322 1.2948032 
S_parvula_Sp6g08910                0.4729167 0.2144981 0.2104377 0.1962605 0.2051019 0.2110475 0.2001908 0.2316034 0.2349025 0.2166058 0.2376260 0.2379014 0.2407443 0.2305368 0.0751699 0.0972510 0.0000000 0.1133381 0.1104598 0.0987576 0.1391093 0.1532486 0.1495452 0.1339736 0.1339781 0.1476243 0.1507097 0.1489138 0.1303080 0.1374147 0.2072539 0.1962837 0.1930864 0.1956580 0.1936423 0.1864057 0.2818098 0.2804681 0.4628113 0.4256364 0.4266308 0.4583052 0.4138787 0.4445618 0.4197083 0.4434749 0.5090164 0.4521053 0.5230687 0.5105719 0.5081912 0.5786268 0.5778996 0.6550076 1.2716935 
M_perfoliatum_Myper0011s1116       0.4962798 0.2091786 0.2058835 0.2056647 0.2199354 0.2292912 0.2104652 0.2310400 0.2331922 0.2345218 0.2322962 0.2325516 0.2338634 0.2466383 0.0974090 0.1169562 0.1133381 0.0000000 0.0542472 0.1255385 0.1602745 0.1726923 0.1669997 0.1526610 0.1526651 0.1563179 0.1660296 0.1641842 0.1523446 0.1528075 0.2172163 0.2199710 0.2152667 0.2112200 0.2085941 0.2040374 0.2977294 0.3018933 0.5082530 0.4666123 0.4642095 0.5039901 0.4388868 0.4682305 0.4444277 0.4644209 0.5323896 0.4899190 0.5646230 0.5519587 0.5494372 0.6169754 0.6231502 0.6984865 1.3047146 
I_tinctoria_Isati0473s0014         0.4955010 0.2258610 0.2224219 0.2121696 0.2257565 0.2351875 0.2244452 0.2382537 0.2425294 0.2271650 0.2487144 0.2509938 0.2503057 0.2585355 0.0947392 0.1135190 0.1104598 0.0542472 0.0000000 0.1233380 0.1667539 0.1725411 0.1661437 0.1491337 0.1491379 0.1593978 0.1681489 0.1662984 0.1521622 0.1541176 0.2276907 0.2229004 0.2219207 0.2221085 0.2217619 0.2008373 0.2931864 0.2895892 0.5031449 0.4508336 0.4551453 0.4953653 0.4398802 0.4628780 0.4491076 0.4613222 0.5260740 0.4697831 0.5521561 0.5422790 0.5397951 0.6158950 0.6176140 0.6997750 1.2900901 
E_salsugineum_Thhalv10028381m      0.4348385 0.1790592 0.1837765 0.1731450 0.1779235 0.1816730 0.1757126 0.2049386 0.2039093 0.1957540 0.1980650 0.1981736 0.1994627 0.2207193 0.1000443 0.1174849 0.0987576 0.1255385 0.1233380 0.0000000 0.1398409 0.1514924 0.1461396 0.1297139 0.1297185 0.1293664 0.1405875 0.1387837 0.1311555 0.1229856 0.1586904 0.1753691 0.1644014 0.1685504 0.1663767 0.1623945 0.2468608 0.2425510 0.4176971 0.3764918 0.3826631 0.4265623 0.3663259 0.3935370 0.3793268 0.3954508 0.4672023 0.4165045 0.4926112 0.4611348 0.4620757 0.5487381 0.5452070 0.6265509 1.2675751 
C_maritima_Camar1113s0001          0.4842489 0.2532767 0.2506833 0.2346902 0.2458102 0.2599158 0.2507176 0.2621874 0.2689942 0.2561175 0.2600294 0.2604045 0.2616485 0.2662522 0.1270588 0.1478926 0.1391093 0.1602745 0.1667539 0.1398409 0.0000000 0.0982451 0.0965673 0.0751851 0.0760795 0.0994369 0.1015969 0.0999331 0.0940468 0.1905868 0.2157993 0.2024932 0.1981524 0.2070485 0.2012866 0.1944334 0.2807983 0.2858164 0.4842186 0.4411848 0.4384665 0.4703953 0.4123910 0.4427750 0.4501266 0.4592213 0.5294923 0.4680661 0.5481699 0.5090100 0.5064797 0.5904022 0.5913775 0.6732417 1.3479173 
S_alba_Sialb0164s0044              0.4997921 0.2663359 0.2636426 0.2380805 0.2488562 0.2641922 0.2634769 0.2780140 0.2833731 0.2662975 0.2904387 0.2918573 0.2884605 0.2776201 0.1418591 0.1620299 0.1532486 0.1726923 0.1725411 0.1514924 0.0982451 0.0000000 0.0126047 0.0758772 0.0758810 0.0758274 0.0775590 0.0790891 0.0865224 0.1995460 0.2248562 0.2244957 0.2161335 0.2307008 0.2294429 0.2270938 0.2851188 0.2972596 0.4924125 0.4355029 0.4447352 0.4659805 0.4220727 0.4453953 0.4474618 0.4760024 0.5484954 0.4742068 0.5529757 0.5214933 0.5225442 0.6150045 0.6142613 0.7139883 1.3168232 
S_alba_Sialb0014s0260              0.4921100 0.2657205 0.2630321 0.2383492 0.2491388 0.2644966 0.2612965 0.2818646 0.2872364 0.2681315 0.2926697 0.2940956 0.2906909 0.2758899 0.1382434 0.1582099 0.1495452 0.1669997 0.1661437 0.1461396 0.0965673 0.0126047 0.0000000 0.0793392 0.0793431 0.0755641 0.0772922 0.0788186 0.0849122 0.1939274 0.2190339 0.2224197 0.2097408 0.2286703 0.2274039 0.2222264 0.2879894 0.2904708 0.4912639 0.4342895 0.4435363 0.4648245 0.4137813 0.4383977 0.4436664 0.4676720 0.5444857 0.4702708 0.5453494 0.5175280 0.5185751 0.6073196 0.6077060 0.7030514 1.3170067 
E_vesicaria_Eruve0901s0001         0.4688767 0.2344487 0.2259958 0.2283022 0.2358158 0.2493424 0.2456333 0.2524440 0.2591374 0.2515394 0.2608670 0.2612441 0.2624809 0.2532787 0.1246053 0.1454772 0.1339736 0.1526610 0.1491337 0.1297139 0.0751851 0.0758772 0.0793392 0.0000000 0.0027464 0.0731548 0.0754768 0.0769955 0.0793651 0.1836417 0.1983241 0.2027216 0.2030961 0.1899452 0.1908367 0.1894898 0.2606186 0.2638871 0.4841061 0.4241761 0.4264596 0.4595139 0.4093493 0.4315465 0.4302859 0.4553648 0.5225398 0.4576358 0.5219928 0.5124061 0.5120115 0.5870383 0.5850897 0.6699496 1.2915691 
E_vesicaria_Eruve4614s0001         0.4687987 0.2344455 0.2259939 0.2282999 0.2358125 0.2493369 0.2456284 0.2524380 0.2591302 0.2515336 0.2608595 0.2612366 0.2624732 0.2532726 0.1246099 0.1454815 0.1339781 0.1526651 0.1491379 0.1297185 0.0760795 0.0758810 0.0793431 0.0027464 0.0000000 0.0731585 0.0754806 0.0769993 0.0793690 0.1836441 0.1983253 0.2027223 0.2030968 0.1899471 0.1908385 0.1894918 0.2606111 0.2638790 0.4840208 0.4241185 0.4264013 0.4594413 0.4092983 0.4314864 0.4302267 0.4604214 0.5224340 0.4575630 0.5178383 0.5123064 0.5119119 0.5868931 0.5849455 0.6697479 1.2909414 
B_rapaFPsc_BraraC02577             0.4773807 0.2361911 0.2342813 0.2395743 0.2452458 0.2589898 0.2463990 0.2554992 0.2621785 0.2565598 0.2680681 0.2684718 0.2686817 0.2749675 0.1314029 0.1579165 0.1476243 0.1563179 0.1593978 0.1293664 0.0994369 0.0758274 0.0755641 0.0731548 0.0731585 0.0000000 0.0300382 0.0314797 0.0866631 0.1874520 0.2264165 0.2025416 0.2086250 0.2117427 0.2142244 0.2192407 0.2768587 0.2840288 0.4675995 0.4073385 0.4119472 0.4400486 0.4063183 0.4333078 0.4132352 0.4503411 0.5189754 0.4461024 0.5212142 0.4920657 0.4930681 0.5859565 0.5839996 0.6684094 1.3302132 
B_napa_BnaC03g28260D               0.4817369 0.2449292 0.2429437 0.2461416 0.2539737 0.2684650 0.2603611 0.2699686 0.2767994 0.2601032 0.2793987 0.2798511 0.2799883 0.2769643 0.1395387 0.1629140 0.1507097 0.1660296 0.1681489 0.1405875 0.1015969 0.0775590 0.0772922 0.0754768 0.0754806 0.0300382 0.0000000 0.0041543 0.0942174 0.1941021 0.2316668 0.2027225 0.2037391 0.2165274 0.2190608 0.2238245 0.2852513 0.2889713 0.4762368 0.4219910 0.4323408 0.4570486 0.4077957 0.4423321 0.4137441 0.4582406 0.5149168 0.4508045 0.5270372 0.5037613 0.5033556 0.5786989 0.5767263 0.6650542 1.3447543 
B_oleracea_capitata_Bol025602      0.4791459 0.2433738 0.2414009 0.2440799 0.2524024 0.2668471 0.2600700 0.2683168 0.2751333 0.2585413 0.2786673 0.2791162 0.2792581 0.2748530 0.1377792 0.1616765 0.1489138 0.1641842 0.1662984 0.1387837 0.0999331 0.0790891 0.0788186 0.0769955 0.0769993 0.0314797 0.0041543 0.0000000 0.0926025 0.1921787 0.2301721 0.2007440 0.2017727 0.2145691 0.2176228 0.2223576 0.2835590 0.2872686 0.4738095 0.4196554 0.4299973 0.4542730 0.4112089 0.4443344 0.4113013 0.4539630 0.5198034 0.4482373 0.5300400 0.5066933 0.5062894 0.5836032 0.5816312 0.6573451 1.3387820 
C_hispanica_Crahi0078s0007         0.4649807 0.2430033 0.2426760 0.2184478 0.2210063 0.2373270 0.2332226 0.2600653 0.2667368 0.2473090 0.2638297 0.2642131 0.2617860 0.2628110 0.1239721 0.1451985 0.1303080 0.1523446 0.1521622 0.1311555 0.0940468 0.0865224 0.0849122 0.0793651 0.0793690 0.0866631 0.0942174 0.0926025 0.0000000 0.1782256 0.2010793 0.2033595 0.1954445 0.2021984 0.2077317 0.1949894 0.2688127 0.2669307 0.4584910 0.4052365 0.4113634 0.4381457 0.4008806 0.4210797 0.4189275 0.4439400 0.5225003 0.4421511 0.5201231 0.4826379 0.4836139 0.5715193 0.5694471 0.6550296 1.2686657 
T_arvense_Thlar0191s0013           0.4716302 0.2226700 0.2176861 0.2145107 0.2226448 0.2365901 0.2094358 0.2379313 0.2383960 0.2376373 0.2388608 0.2391418 0.2395406 0.2320114 0.1312461 0.1468521 0.1374147 0.1528075 0.1541176 0.1229856 0.1905868 0.1995460 0.1939274 0.1836417 0.1836441 0.1874520 0.1941021 0.1921787 0.1782256 0.0000000 0.2284598 0.2135938 0.2040187 0.2147795 0.2059203 0.2068807 0.2803105 0.2788064 0.4821138 0.4417085 0.4427826 0.4854489 0.4118939 0.4336260 0.4208267 0.4466331 0.5266931 0.4684114 0.5369908 0.4987390 0.5014618 0.5754071 0.5648229 0.6694280 1.3048567 
A_alpina_KFK32111                  0.4552620 0.2266007 0.2343741 0.2058235 0.2239435 0.2258392 0.2202321 0.2565765 0.2573546 0.2516012 0.2521606 0.2484681 0.2537508 0.2599554 0.1852532 0.2113699 0.2072539 0.2172163 0.2276907 0.1586904 0.2157993 0.2248562 0.2190339 0.1983241 0.1983253 0.2264165 0.2316668 0.2301721 0.2010793 0.2284598 0.0000000 0.2038809 0.1981300 0.1850343 0.1870858 0.1923073 0.2693433 0.2804583 0.4659124 0.4182711 0.4345029 0.4439179 0.3964123 0.4063452 0.3973468 0.4347313 0.5087623 0.4369474 0.5037096 0.4907516 0.4917415 0.5511960 0.5599736 0.6444994 1.2346801 
E_syriacum_Eusyr0135s0078          0.4146690 0.2508068 0.2506003 0.2231295 0.2360234 0.2507813 0.2330811 0.2569064 0.2615954 0.2645942 0.2659327 0.2663300 0.2702209 0.2851952 0.1974555 0.2133355 0.1962837 0.2199710 0.2229004 0.1753691 0.2024932 0.2244957 0.2224197 0.2027216 0.2027223 0.2025416 0.2027225 0.2007440 0.2033595 0.2135938 0.2038809 0.0000000 0.1397073 0.1988786 0.1902226 0.1878004 0.2654166 0.2671578 0.4321357 0.4073002 0.4040575 0.4384220 0.3729810 0.3998310 0.3781294 0.4291759 0.4766267 0.4128976 0.5035583 0.4744421 0.4696195 0.5331513 0.5414858 0.6197445 1.2832120 
D_strictus_Distr0011s35800         0.4291516 0.2405411 0.2404143 0.2051345 0.2182499 0.2370898 0.2138827 0.2384354 0.2415603 0.2499712 0.2350245 0.2352939 0.2367747 0.2582519 0.1752563 0.1988236 0.1930864 0.2152667 0.2219207 0.1644014 0.1981524 0.2161335 0.2097408 0.2030961 0.2030968 0.2086250 0.2037391 0.2017727 0.1954445 0.2040187 0.1981300 0.1397073 0.0000000 0.1777262 0.1714858 0.1756525 0.2862915 0.2762672 0.4533393 0.4283911 0.4176840 0.4455658 0.3863421 0.4143177 0.4003231 0.4275031 0.4832765 0.4447178 0.5122614 0.4950349 0.4873101 0.5568072 0.5587903 0.6145801 1.2987960 
I_amara_Ibeam3192s0007             0.4113432 0.2442555 0.2437619 0.2185951 0.2311141 0.2412042 0.2356303 0.2512680 0.2525653 0.2408603 0.2339462 0.2342073 0.2351526 0.2634763 0.1687437 0.2002749 0.1956580 0.2112200 0.2221085 0.1685504 0.2070485 0.2307008 0.2286703 0.1899452 0.1899471 0.2117427 0.2165274 0.2145691 0.2021984 0.2147795 0.1850343 0.1988786 0.1777262 0.0000000 0.0270858 0.1966982 0.2949962 0.2903397 0.4690795 0.4341951 0.4381999 0.4618913 0.3858860 0.4073758 0.3896087 0.3998396 0.4807345 0.4454242 0.5014106 0.4974450 0.4934152 0.5468454 0.5440765 0.6407917 1.2132193 
I_amara_Ibeam3394s0003             0.4181690 0.2305339 0.2301109 0.2125332 0.2175020 0.2308673 0.2215263 0.2346880 0.2360141 0.2346845 0.2341935 0.2344578 0.2354108 0.2639846 0.1717952 0.1990236 0.1936423 0.2085941 0.2217619 0.1663767 0.2012866 0.2294429 0.2274039 0.1908367 0.1908385 0.2142244 0.2190608 0.2176228 0.2077317 0.2059203 0.1870858 0.1902226 0.1714858 0.0270858 0.0000000 0.1912774 0.2828133 0.2803354 0.4650251 0.4365237 0.4344827 0.4628436 0.3831229 0.4091005 0.3889791 0.4095845 0.4825065 0.4529524 0.5109573 0.4953779 0.4950842 0.5467657 0.5439862 0.6463194 1.2179907 
L_annua_Luann0069s0045             0.4511187 0.2307844 0.2294823 0.2030288 0.2185299 0.2299423 0.2182599 0.2504362 0.2490867 0.2548623 0.2252610 0.2254865 0.2266774 0.2380033 0.1696994 0.1873252 0.1864057 0.2040374 0.2008373 0.1623945 0.1944334 0.2270938 0.2222264 0.1894898 0.1894918 0.2192407 0.2238245 0.2223576 0.1949894 0.2068807 0.1923073 0.1878004 0.1756525 0.1966982 0.1912774 0.0000000 0.2808434 0.2779089 0.4542615 0.4233049 0.4100170 0.4417496 0.3898184 0.3928861 0.3993748 0.4164555 0.4708929 0.4271289 0.4905712 0.4882844 0.4866952 0.5454469 0.5387430 0.6417168 1.2187391 
L_sativum_Lesat0072s0065           0.5574970 0.2777021 0.2766130 0.2501952 0.2663116 0.2784299 0.2697597 0.2879075 0.2951680 0.3029424 0.2780604 0.2821280 0.2781289 0.2922453 0.2553633 0.2740419 0.2818098 0.2977294 0.2931864 0.2468608 0.2807983 0.2851188 0.2879894 0.2606186 0.2606111 0.2768587 0.2852513 0.2835590 0.2688127 0.2803105 0.2693433 0.2654166 0.2862915 0.2949962 0.2828133 0.2808434 0.0000000 0.0881217 0.5818288 0.5250864 0.5313396 0.5419086 0.5177574 0.5137460 0.5120994 0.5270816 0.5920682 0.5205040 0.5852427 0.5855314 0.5818554 0.6418321 0.6512841 0.7575671 1.3578850 
L_sativum_Lesat0056s0246           0.5251116 0.2881628 0.2838427 0.2565504 0.2682959 0.2793188 0.2856336 0.2924976 0.2997213 0.2980767 0.2858897 0.2899770 0.2862087 0.2999517 0.2580707 0.2644011 0.2804681 0.3018933 0.2895892 0.2425510 0.2858164 0.2972596 0.2904708 0.2638871 0.2638790 0.2840288 0.2889713 0.2872686 0.2669307 0.2788064 0.2804583 0.2671578 0.2762672 0.2903397 0.2803354 0.2779089 0.0881217 0.0000000 0.5495636 0.5133905 0.5148477 0.5242989 0.5059652 0.5152463 0.4949725 0.5102625 0.5713976 0.5157450 0.5638220 0.5523021 0.5488142 0.6251876 0.6358400 0.7355505 1.3217014 
E_vesicaria_Eruve0289s0028___LIKE  0.5179452 0.5287103 0.5226453 0.4873392 0.5048391 0.5105181 0.5096518 0.5545606 0.5540959 0.5115335 0.5496795 0.5455951 0.5529601 0.5439272 0.4540625 0.4633316 0.4628113 0.5082530 0.5031449 0.4176971 0.4842186 0.4924125 0.4912639 0.4841061 0.4840208 0.4675995 0.4762368 0.4738095 0.4584910 0.4821138 0.4659124 0.4321357 0.4533393 0.4690795 0.4650251 0.4542615 0.5818288 0.5495636 0.0000000 0.1235843 0.1248971 0.1487334 0.3214522 0.3189444 0.2876604 0.3483966 0.3692762 0.3268728 0.4052142 0.3243109 0.3247316 0.4420159 0.4534121 0.6939533 1.3359008 
S_alba_Sialb0002s0253___LIKE       0.4659208 0.4829045 0.4745867 0.4390415 0.4589409 0.4617501 0.4681991 0.5109148 0.5104845 0.4764071 0.5032314 0.4989165 0.5061440 0.5104109 0.4069958 0.4256094 0.4256364 0.4666123 0.4508336 0.3764918 0.4411848 0.4355029 0.4342895 0.4241761 0.4241185 0.4073385 0.4219910 0.4196554 0.4052365 0.4417085 0.4182711 0.4073002 0.4283911 0.4341951 0.4365237 0.4233049 0.5250864 0.5133905 0.1235843 0.0000000 0.0653395 0.0833500 0.2671798 0.2681427 0.2481535 0.2811420 0.3166486 0.2729606 0.3684805 0.2880322 0.2861579 0.4001672 0.4015421 0.6257025 1.3284746 
B_rapa_BraraE01821___LIKE          0.4708295 0.4798357 0.4715943 0.4412296 0.4598862 0.4631066 0.4769716 0.5057481 0.5092459 0.4690315 0.4931595 0.4888693 0.5002168 0.4917119 0.4114235 0.4239126 0.4266308 0.4642095 0.4551453 0.3826631 0.4384665 0.4447352 0.4435363 0.4264596 0.4264013 0.4119472 0.4323408 0.4299973 0.4113634 0.4427826 0.4345029 0.4040575 0.4176840 0.4381999 0.4344827 0.4100170 0.5313396 0.5148477 0.1248971 0.0653395 0.0000000 0.0917448 0.2688869 0.2765449 0.2598985 0.3050008 0.3072692 0.2833641 0.3781239 0.2966769 0.2947817 0.4098113 0.4134038 0.6301806 1.3150458 
C_hispanica_Crahi1460s0004___LIKE  0.4996135 0.5239372 0.5153592 0.4672941 0.4818699 0.4865706 0.5008317 0.5420469 0.5415960 0.5059276 0.5199564 0.5165652 0.5229109 0.5375984 0.4541907 0.4610784 0.4583052 0.5039901 0.4953653 0.4265623 0.4703953 0.4659805 0.4648245 0.4595139 0.4594413 0.4400486 0.4570486 0.4542730 0.4381457 0.4854489 0.4439179 0.4384220 0.4455658 0.4618913 0.4628436 0.4417496 0.5419086 0.5242989 0.1487334 0.0833500 0.0917448 0.0000000 0.2834636 0.2740671 0.2734612 0.3136521 0.3234496 0.2914455 0.3754306 0.3152032 0.3132555 0.4273599 0.4318248 0.6629616 1.3044346 
D_strictus_Distr0009s35100___LIKE  0.4716293 0.4541689 0.4481867 0.4090052 0.4191639 0.4258026 0.4227567 0.4720849 0.4746701 0.4583144 0.4626489 0.4606225 0.4617382 0.4962512 0.4035134 0.4193094 0.4138787 0.4388868 0.4398802 0.3663259 0.4123910 0.4220727 0.4137813 0.4093493 0.4092983 0.4063183 0.4077957 0.4112089 0.4008806 0.4118939 0.3964123 0.3729810 0.3863421 0.3858860 0.3831229 0.3898184 0.5177574 0.5059652 0.3214522 0.2671798 0.2688869 0.2834636 0.0000000 0.1832508 0.2560721 0.2897220 0.3293391 0.2871474 0.3570133 0.3452776 0.3428796 0.3870720 0.3980258 0.6422386 1.3087599 
E_syriacum_Eusyr0119s0127___LIKE   0.4712558 0.4884643 0.4826342 0.4443037 0.4361079 0.4413711 0.4541949 0.5144492 0.5139355 0.5004606 0.5054239 0.4959997 0.5016332 0.5191239 0.4252779 0.4348400 0.4445618 0.4682305 0.4628780 0.3935370 0.4427750 0.4453953 0.4383977 0.4315465 0.4314864 0.4333078 0.4423321 0.4443344 0.4210797 0.4336260 0.4063452 0.3998310 0.4143177 0.4073758 0.4091005 0.3928861 0.5137460 0.5152463 0.3189444 0.2681427 0.2765449 0.2740671 0.1832508 0.0000000 0.2622179 0.2685637 0.3100087 0.2740912 0.3367724 0.3488875 0.3521168 0.3961276 0.4018774 0.6122621 1.2485125 
A_alpina_KFK24158___LIKE           0.4483539 0.4487721 0.4448644 0.4206093 0.4396128 0.4359639 0.4368859 0.4849798 0.4867768 0.4564149 0.4761820 0.4692139 0.4753154 0.5165665 0.4082309 0.4192965 0.4197083 0.4444277 0.4491076 0.3793268 0.4501266 0.4474618 0.4436664 0.4302859 0.4302267 0.4132352 0.4137441 0.4113013 0.4189275 0.4208267 0.3973468 0.3781294 0.4003231 0.3896087 0.3889791 0.3993748 0.5120994 0.4949725 0.2876604 0.2481535 0.2598985 0.2734612 0.2560721 0.2622179 0.0000000 0.2796151 0.3046807 0.2793843 0.3298412 0.3342765 0.3319279 0.3856465 0.3946807 0.6225914 1.2227535 
C_rubella_Carub0001s3346___LIKE    0.4749825 0.4964359 0.4878994 0.4327905 0.4480567 0.4524007 0.4598133 0.4965581 0.4990651 0.4783219 0.4661672 0.4620043 0.4676360 0.4860730 0.4197439 0.4279401 0.4434749 0.4644209 0.4613222 0.3954508 0.4592213 0.4760024 0.4676720 0.4553648 0.4604214 0.4503411 0.4582406 0.4539630 0.4439400 0.4466331 0.4347313 0.4291759 0.4275031 0.3998396 0.4095845 0.4164555 0.5270816 0.5102625 0.3483966 0.2811420 0.3050008 0.3136521 0.2897220 0.2685637 0.2796151 0.0000000 0.1710889 0.2350602 0.3242108 0.3628271 0.3628880 0.3469822 0.3547927 0.6512304 1.2018464 
C_rubella_Carub0001s3337___LIKE    0.5257609 0.5546723 0.5561964 0.5012858 0.5034755 0.5061102 0.5323323 0.5751926 0.5793256 0.5436993 0.5377354 0.5319444 0.5327272 0.5603735 0.4932507 0.4997755 0.5090164 0.5323896 0.5260740 0.4672023 0.5294923 0.5484954 0.5444857 0.5225398 0.5224340 0.5189754 0.5149168 0.5198034 0.5225003 0.5266931 0.5087623 0.4766267 0.4832765 0.4807345 0.4825065 0.4708929 0.5920682 0.5713976 0.3692762 0.3166486 0.3072692 0.3234496 0.3293391 0.3100087 0.3046807 0.1710889 0.0000000 0.2551900 0.3306219 0.3851355 0.3842310 0.3658123 0.3673169 0.7116767 1.3098872 
R_islandica_Roisl0210s2112___LIKE  0.4982442 0.5196297 0.5167209 0.4673796 0.4810601 0.4853026 0.4936702 0.5357389 0.5429522 0.5080485 0.5312723 0.5269430 0.5354534 0.5264887 0.4408048 0.4416469 0.4521053 0.4899190 0.4697831 0.4165045 0.4680661 0.4742068 0.4702708 0.4576358 0.4575630 0.4461024 0.4508045 0.4482373 0.4421511 0.4684114 0.4369474 0.4128976 0.4447178 0.4454242 0.4529524 0.4271289 0.5205040 0.5157450 0.3268728 0.2729606 0.2833641 0.2914455 0.2871474 0.2740912 0.2793843 0.2350602 0.2551900 0.0000000 0.2888950 0.3594765 0.3575870 0.3842344 0.3923842 0.6919047 1.2600530 
L_sativum_Lesat0062s0030___LIKE    0.5332201 0.5896587 0.5894597 0.5318022 0.5479681 0.5456625 0.5443479 0.5908300 0.5933153 0.5956470 0.5895359 0.5796247 0.5897073 0.5904217 0.5186805 0.5188235 0.5230687 0.5646230 0.5521561 0.4926112 0.5481699 0.5529757 0.5453494 0.5219928 0.5178383 0.5212142 0.5270372 0.5300400 0.5201231 0.5369908 0.5037096 0.5035583 0.5122614 0.5014106 0.5109573 0.4905712 0.5852427 0.5638220 0.4052142 0.3684805 0.3781239 0.3754306 0.3570133 0.3367724 0.3298412 0.3242108 0.3306219 0.2888950 0.0000000 0.4399297 0.4417376 0.4225298 0.4309841 0.6853548 1.2231585 
I_tinctoria_Isati1263s0010___LIKE  0.5562316 0.5506073 0.5374148 0.5186427 0.5233134 0.5240326 0.5410460 0.5776979 0.5802125 0.5489215 0.5682839 0.5646816 0.5672566 0.5947502 0.4900916 0.4925911 0.5105719 0.5519587 0.5422790 0.4611348 0.5090100 0.5214933 0.5175280 0.5124061 0.5123064 0.4920657 0.5037613 0.5066933 0.4826379 0.4987390 0.4907516 0.4744421 0.4950349 0.4974450 0.4953779 0.4882844 0.5855314 0.5523021 0.3243109 0.2880322 0.2966769 0.3152032 0.3452776 0.3488875 0.3342765 0.3628271 0.3851355 0.3594765 0.4399297 0.0000000 0.0126518 0.4285825 0.4309297 0.7388941 1.3526871 
I_tinctoria_Isati0631s0015___LIKE  0.5556976 0.5484722 0.5352915 0.5137080 0.5226424 0.5233591 0.5358997 0.5735933 0.5761081 0.5486225 0.5624209 0.5588243 0.5614033 0.5926059 0.4908903 0.4980859 0.5081912 0.5494372 0.5397951 0.4620757 0.5064797 0.5225442 0.5185751 0.5120115 0.5119119 0.4930681 0.5033556 0.5062894 0.4836139 0.5014618 0.4917415 0.4696195 0.4873101 0.4934152 0.4950842 0.4866952 0.5818554 0.5488142 0.3247316 0.2861579 0.2947817 0.3132555 0.3428796 0.3521168 0.3319279 0.3628880 0.3842310 0.3575870 0.4417376 0.0126518 0.0000000 0.4216551 0.4239706 0.7432185 1.3307594 
A_linifolium_Alyli0027s0119___LIKE 0.5848017 0.6307168 0.6294695 0.5750068 0.5820699 0.5930304 0.5857228 0.6439263 0.6464121 0.6266094 0.6286817 0.6285052 0.6342703 0.6763200 0.5701429 0.5726793 0.5786268 0.6169754 0.6158950 0.5487381 0.5904022 0.6150045 0.6073196 0.5870383 0.5868931 0.5859565 0.5786989 0.5836032 0.5715193 0.5754071 0.5511960 0.5331513 0.5568072 0.5468454 0.5467657 0.5454469 0.6418321 0.6251876 0.4420159 0.4001672 0.4098113 0.4273599 0.3870720 0.3961276 0.3856465 0.3469822 0.3658123 0.3842344 0.4225298 0.4285825 0.4216551 0.0000000 0.0304570 0.7979805 1.3877492 
A_linifolium_Alyli0197s0002___LIKE 0.5962013 0.6259109 0.6246753 0.5839574 0.5840625 0.5932890 0.5913322 0.6421249 0.6446189 0.6288321 0.6399660 0.6406070 0.6381915 0.6780369 0.5753615 0.5719572 0.5778996 0.6231502 0.6176140 0.5452070 0.5913775 0.6142613 0.6077060 0.5850897 0.5849455 0.5839996 0.5767263 0.5816312 0.5694471 0.5648229 0.5599736 0.5414858 0.5587903 0.5440765 0.5439862 0.5387430 0.6512841 0.6358400 0.4534121 0.4015421 0.4134038 0.4318248 0.3980258 0.4018774 0.3946807 0.3547927 0.3673169 0.3923842 0.4309841 0.4309297 0.4239706 0.0304570 0.0000000 0.8086458 1.4296688 
C_violacea_Clevi0007s1838___MIK2   0.4013692 0.7127615 0.7107955 0.6288922 0.6612958 0.6803007 0.6689168 0.7345377 0.7319453 0.7148754 0.7164086 0.7199848 0.7183713 0.7223165 0.6260473 0.6269322 0.6550076 0.6984865 0.6997750 0.6265509 0.6732417 0.7139883 0.7030514 0.6699496 0.6697479 0.6684094 0.6650542 0.6573451 0.6550296 0.6694280 0.6444994 0.6197445 0.6145801 0.6407917 0.6463194 0.6417168 0.7575671 0.7355505 0.6939533 0.6257025 0.6301806 0.6629616 0.6422386 0.6122621 0.6225914 0.6512304 0.7116767 0.6919047 0.6853548 0.7388941 0.7432185 0.7979805 0.8086458 0.0000000 1.3929124 
T_cacao_Thecc08G107800___OUTGROUP  1.2356759 1.4008308 1.3918937 1.2837058 1.2913162 1.3299813 1.3109409 1.3110869 1.3346789 1.3391157 1.3510438 1.3675926 1.3555110 1.2987569 1.3000031 1.2948032 1.2716935 1.3047146 1.2900901 1.2675751 1.3479173 1.3168232 1.3170067 1.2915691 1.2909414 1.3302132 1.3447543 1.3387820 1.2686657 1.3048567 1.2346801 1.2832120 1.2987960 1.2132193 1.2179907 1.2187391 1.3578850 1.3217014 1.3359008 1.3284746 1.3150458 1.3044346 1.3087599 1.2485125 1.2227535 1.2018464 1.3098872 1.2600530 1.2231585 1.3526871 1.3307594 1.3877492 1.4296688 1.3929124 0.0000000 
